1606757266916140 1606757270025321 1606757270258510
2560 2560
1606757270259718 1606757273237571 1606757273474273
2560 2560
1606757273475520 1606757276543088 1606757276777416
2560 2560
1606757276778612 1606757279875242 1606757280105240
2560 2560
1606757280106228 1606757283382137 1606757283600401
2560 2560
1606757283601801 1606757285181267 1606757288763991
2560 2560
1606757288765084 1606757290260446 1606757293680354
2560 2560
1606757293681397 1606757294790381 1606757298620193
2560 2560
1606757298621283 1606757300310731 1606757302847360
2560 2560
1606757302848292 1606757304160454 1606757307888134
2560 2560
1606757307889206 1606757308678438 1606757313245766
2560 2560
1606757313246996 1606757313922611 1606757318548448
2560 2560
1606757318549777 1606757319266729 1606757323996360
2560 2560
1606757323997537 1606757324673926 1606757329434528
2560 2560
1606757329435835 1606757330014332 1606757335197421
2560 2560
1606757335198386 1606757335942097 1606757337249352
2560 2560
1606757337250365 1606757337719924 1606757339164645
2560 2560
1606757339165542 1606757339772698 1606757341271175
2560 2560
1606757341272021 1606757342134284 1606757343123108
2560 2560
1606757343123933 1606757343873513 1606757345061125
2560 2560
1606757345062175 1606757345603225 1606757347149976
2560 2560
1606757347151061 1606757347755551 1606757349210605
2559 2559
1606757349211465 1606757349851843 1606757351284478
2559 2559
1606757351285630 1606757351912970 1606757353291899
2560 2560
1606757353292712 1606757353860056 1606757355276403
2560 2560
1606757355277592 1606757356004817 1606757356890536
2559 2559
1606757356891333 1606757357816777 1606757358579627
2560 2560
1606757358580389 1606757359336918 1606757360319318
2560 2560
1606757360320075 1606757361142038 1606757362028870
2560 2560
1606757362029635 1606757362907780 1606757363669548
2560 2560
1606757363670352 1606757364426516 1606757365239082
2559 2559
1606757365239846 1606757365968430 1606757366916627
2560 2560
1606757366917369 1606757367612464 1606757368400419
2560 2560
1606757368401179 1606757369078339 1606757370106385
2559 2559
1606757370107154 1606757370790229 1606757371736632
2560 2560
1606757371737416 1606757372533107 1606757373327134
2560 2560
1606757373327921 1606757374123698 1606757374960029
2560 2560
1606757374960795 1606757375807221 1606757376550757
2560 2560
1606757376551551 1606757377371879 1606757378182284
2559 2559
1606757378183095 1606757379032752 1606757379819264
2560 2560
1606757379820084 1606757380633091 1606757381492059
2560 2560
1606757381492834 1606757382298483 1606757383175483
2560 2560
1606757383176273 1606757383982941 1606757384823229
2560 2560
1606757384823988 1606757385655486 1606757386456098
2560 2560
1606757386456854 1606757387235469 1606757388042631
2560 2560
1606757388043436 1606757388895787 1606757389776356
2560 2560
1606757389777108 1606757390708441 1606757391537068
2558 2558
1606757391537844 1606757392438034 1606757393279541
2560 2560
1606757393280296 1606757394194101 1606757395070714
2560 2560
1606757395071608 1606757395944510 1606757396805012
2560 2560
1606757396805809 1606757397640273 1606757398610213
2559 2559
1606757398610967 1606757399473459 1606757400425121
2560 2560
1606757400425902 1606757401312124 1606757402267837
2560 2560
1606757402268654 1606757403121148 1606757404106617
2559 2559
1606757404107428 1606757404997052 1606757405872022
2558 2558
1606757405872812 1606757406852554 1606757407742507
2560 2560
1606757407743300 1606757408739767 1606757409669755
2560 2560
1606757409670516 1606757410611681 1606757411558518
2559 2559
1606757411559497 1606757412539163 1606757413476412
2560 2560
1606757413477193 1606757414488635 1606757415384473
2560 2560
1606757415385251 1606757416315133 1606757417278836
2560 2560
1606757417279588 1606757418160975 1606757419229449
2559 2559
1606757419230196 1606757420119943 1606757421136525
2560 2560
1606757421137276 1606757421873274 1606757422951215
2559 2559
1606757422952059 1606757423863312 1606757424879188
2560 2560
1606757424879975 1606757425868116 1606757426859426
2560 2560
1606757426860174 1606757427807074 1606757428816013
2560 2560
1606757428816811 1606757429806201 1606757430831375
2559 2559
1606757430832215 1606757431800714 1606757432716872
2560 2560
1606757432717645 1606757433715438 1606757434699350
2560 2560
1606757434700268 1606757435600143 1606757436561592
2560 2560
1606757436562353 1606757437496661 1606757438493752
2560 2560
1606757438494490 1606757439428248 1606757440444241
2560 2560
1606757440444979 1606757441344523 1606757442424514
2560 2560
1606757442425264 1606757443276726 1606757444375193
2560 2560
